 LUGAR	Observatorio de Guirguillano, Navarra	
# FECHA	24/03/2012	AstroNavarra
# Fernando Jáuregui, Periko Martorell y David Cebrián

# 42 42 41.39 N
# 01 51 52.46  W
# altitud 580 m      
# SQM_L _2.17  6502

# HORA INICIO	01:00	# HORA FINAL 	02:41	

# Acimutes     N 0   
#   0     15    30    45    60    75    90    105   120   135   150   165   180   195   210   225   240   255   270   285   300   315   330   345
#  0 20.09 19.99 20.24 20.05 19.81 19.83 19.96 19.82 20.00 19.97 20.02 20.58 20.84 21.07 21.26 21.48 21.54 21.48 21.41 21.18 21.11 19.95 19.76 20.59
# 15 19.87 19.70 19.72 19.48 19.30 19.32 19.54 19.57 19.73 10.77 19.86 20.11 20.24 20.38 20.48 20.52 20.50 20.47 20.46 20.40 20.38 20.07 20.81 20.14
# 30 20.35 20.24 20.11 19.89 19.75 19.79 19.96 20.11 20.20 20.26 20.33 20.39 20.44 20.48 20.50 20.48 20.44 20.42 20.43 20.42 20.42 20.41 20.41 20.42
# 45 20.75       20.59	     20.43       20.49       20.62       20.70	   20.75       20.77       20.74       20.75       20.78       20.79			 
# 60 21.00       20.93	     20.86       20.87	     20.91       20.95	   20.98       20.98	   20.98       21.00	   21.02       21.03
# 75 21.16             21.10             21.08	          21.08            21.11             21.14	       21.16	         21.18
# 90 21.21

